011112220220323233332231343014141131140112421211413355234334024414242133303312210313023000021220102
221002103112233201234202003421134043024153515443332415451142151141323114321301434333033210022221022
201200003311133331441214403131041312551423522332422531524232533513033233434420203421023110323221022
121121213131010131201002413232224444334133213322251443153145222321552044232113011214212110102102211
212113303331021314321111140111522454555135544314235452234224545142541330223322222234211031300120220
010212031223201244112200401335253221225255255322553133211323513113422143522323420011223321133113101
011020312301013040344114333334442144514455512552221415123255124524531151554104224200443112211210031
212103301320231332441144214355422451145143521345255326544451431544214432121550112030101122302303021
220232122110131143411335344551322314153422353555245353522346615142142533512423212340133002223102320
123203222223430330030314515252515255254362252265436645524643534633245232434155413030142133001200320
232211213322123322103442125511131155663325635553522434545445552266442151514322444424100420020000011
321232322313243000453341414523445426226644644265452262664344634465246122122543132514120020411332033
202331334121420235323225354242425245652324266442344526232654535245252651555215135125041401014413003
030112100334314051222325325124636325444634664346624462255253366255466452513431325251113413144442330
020200433043320152232154136232564443545365465255646653263522363554354564422421324241211021000140121
032011132023104255151145246424353264523526344436554334475646444542435562556325335443513020140421120
210204303043241221415453653453366254565373457364675545654666377423454542265263342335255230433142310
210312323220343143353556243436325432556736764666334633457533745332644345623536221544225432033020410
233410214315423344423442656226454445357767646343373565363645755734732354353645223242442442112322443
322403301001251255154242326443445466736576466455545656643435677365674243235222245343143455320114330
232343201234134131134332335444557474363474446344776366756565574535744735324323246532552555432040041
221232224415533122543465364445435364564576534743763474566355767775774577553544653464142513144443313
122112442244542214262445665475477545734565457478857667547473567477336557726442444644441243444402330
143012145515212424235524535555733334457686447444847564554866735433374643763343245542354341522310301
343034021325435535455442355474677535777784688864647648684444458747443667643423643452544435114443124
000403451411241463226443476733365546877644754747566667486574544543776475363624545332334511311214303
013002242525556352626433636455377384766855876756685885854848875568474373437675532433635212321111322
101010142252123346235437467476546685846885866865567487856755684744544675575633223264225545223542222
342002313434136635656244356646468576664565586756447555664585478665556463354555546643556622525525002
304211422335342355323755634454757484685568785668995686856577754577844777634756472362366633324314412
231133244553256623647336646666864756787445877675585597686594886667647464354533657554554353332112524
120344321215652622227445664658856658787585889889659567969656785855874777755473764556264244443152242
440423214313632526376434563658657485749798857588556576776776858587648478466464663564663336325425331
011254331316253653674574346456874647667888866559779658686765656768765578865554674352333225544221323
023413144524364645635675736677586666956885689798886598595799575656874764865373535644332466511331341
122254414355225323664755365568758589577679686887799795759896779887545576777454544375265466443443235
412421452563253445537467347658777879785759567968966967575558955868854646578873575357565236511122521
015221314664564236645543668766675798567999788879796666869699657885985874547845773566464625361212125
213255112624445653744634755467766595886577869989896967967796599685695675888763355455363352561531455
051115255524443264764435668448576976667776669978668998866669987997588887564444673776525636555252522
315344432555344664633555485554469988678878999897687977797786889787978545858784436346566536662543432
342334532442256655765436787556789957565686789788896899987689678797579887867778443435552454223234514
044222226353425754474346685474575657758678966697998869888679776868568567678584464343643446543142315
144512246654532464343347645766565789898698789788997968679687989758869974574466636667665323253213321
154415255624566636654388858668758665689978996897979798788878699767976598455446474765435324456113342
222333513555245346467374666655885657577998667798797888978998868866957797665858765377465234256133231
345551444536645634576788887678768556687766667898989777979999976777866956665855476574554565645424315
214425354332335634336444556745876659867688868787798798879898768996785655575686846567542442554353234
411151526365526435763654766745695769989997787877899999777677796975768665578855433353537425364324435
522535522334266753767645655578787759999797977799978897877967869699787686678555733446763633345235242
434554556234464756756646566577685856698867888798779989897888768886756666848455565474773255436431353
442445343526335577465554675665559886897887778777987888778968877985997667668778573677767566543431434
211451552626333634363465768567858685978899767778888797787769889997886696648488453374457335426324331
352321245665435473457546867457579566688987988898999788977968676875958875756786856557334623665613554
